Date,FxRate,cpi_index,cpi,fx_change,pass_through
2005-05-31,1.3565,116.69,0.009167171149355724,-0.023046453006841938,-0.39776928565251285
2005-06-30,1.3355,116.81,0.001028365755420424,-0.01548101732399565,-0.06642753082037137
2005-07-31,1.3255,116.14,-0.00573581029021486,-0.007487832272557116,0.7660174642581924
2005-08-31,1.3425,117.13,0.008524194937144847,0.012825348924934143,0.6646364934814916
2005-09-30,1.3455,118.33,0.01024502689319573,0.0022346368715082665,4.5846495347053215
2005-10-31,1.351,120.45,0.01791599763373619,0.0040876997398737736,4.382904512034788
2005-11-30,1.3553,122.14,0.014030718140307208,0.003182827535159083,4.408255862222183
2005-12-31,1.3515,122.65,0.004175536269854341,-0.0028038072751420673,-1.4892379754035587
2006-01-31,1.323,123.57,0.0075010191602118415,-0.021087680355160954,-0.3557062243868875
2006-02-28,1.3135,123.84,0.002184996358339575,-0.007180650037792891,-0.30428949285086937
2006-03-31,1.3458,124.18,0.0027454780361757525,0.02459078797106984,0.11164660682714628
2006-04-30,1.321,125.84,0.013367692059913061,-0.018427700995690355,-0.7254129021867315
2006-05-31,1.5685,128.2,0.01875397329942774,0.18735806207418637,0.10009696455977384
2006-06-30,1.5885,128.63,0.0033541341653666734,0.01275103602167671,0.2630479719188824
2006-07-31,1.4905,129.72,0.008473917437611833,-0.061693421466792575,-0.13735528418006526
2006-08-31,1.4655,129.15,-0.004394079555966601,-0.016772895001677224,0.26197502312672977
2006-09-30,1.512,130.81,0.012853271389856813,0.03172978505629476,0.40508535960935854
2006-10-31,1.459,132.47,0.012690161302652658,-0.03505291005291,-0.36202875263416695
2006-11-30,1.4535,134.18,0.012908583075413427,-0.003769705277587465,-3.4242950376414196
2006-12-31,1.4165,134.49,0.0023103294082575943,-0.025455796353629156,-0.09075848094330852
2007-01-31,1.411,135.84,0.010037921035021213,-0.0038828097423226904,-2.585220935655875
2007-02-28,1.4145,136.42,0.004269729093050456,0.002480510276399839,1.7213107857982561
2007-03-31,1.387,137.67,0.00916287934320481,-0.019441498762813758,-0.4713051938532064
2007-04-30,1.3658,139.33,0.012057819423258787,-0.015284787310742676,-0.7888771481160314
2007-05-31,1.318,140.03,0.005024043637407605,-0.034997803485136814,-0.14355311297011145
2007-06-30,1.3059,139.69,-0.002428051131900366,-0.009180576631259485,0.26447697453261837
2007-07-31,1.2771,138.67,-0.0073018827403537045,-0.022053756030324,0.331094745507912
2007-08-31,1.3039,138.7,2.1634095334244208e-4,0.02098504424085834,0.010309292220657866
2007-09-30,1.2113,140.13,0.010310021629416077,-0.07101771608252172,-0.1451753477602118
2007-10-31,1.1715,142.67,0.018126025833154813,-0.03285726079418816,-0.5516596756708634
2007-11-30,1.1801,145.45,0.019485526039111356,0.007341015791719974,2.654336483118499
2007-12-31,1.1676,145.77,0.0022000687521486206,-0.010592322684518263,-0.20770409075284696
2008-01-31,1.174,146.94,0.008026342868902914,0.005481329222336351,1.4643059271454928
2008-02-29,1.2063,148.84,0.012930447801823952,0.027512776831345898,0.469979743632857
2008-03-31,1.336,150.27,0.009607632356893436,0.10751885932189342,0.08935764774187008
2008-04-30,1.2772,152.79,0.01676981433419833,-0.0440119760479043,-0.38102843453212437
2008-05-31,1.2175,155.07,0.014922442568230831,-0.04674287503914798,-0.319245287238601
2008-06-30,1.2226,154.51,-0.003611272328625792,0.004188911704312126,-0.8621027568827235
2008-07-31,1.1538,155.4,0.005760144974435333,-0.05627351545885817,-0.10235978554861393
2008-08-31,1.1829,155.02,-0.0024453024453023886,0.02522100884035372,-0.09695498149106131
2008-09-30,1.2707,155.72,0.004515546381111957,0.07422436385155118,0.06083644435327267
2008-10-31,1.5327,159.77,0.026008219881839212,0.2061855670103092,0.1261398664269202
2008-11-30,1.5695,161.1,0.008324466420479348,0.02400991713968814,0.3467095022464319
2008-12-31,1.5435,160.44,-0.00409683426443197,-0.01656578528193675,0.24730697607792473
2009-01-31,1.645,160.9,0.002867115432560574,0.06575963718820854,0.043599927784800506
2009-02-28,1.7018,160.35,-0.003418272218769447,0.034528875379939095,-0.0989974964766859
2009-03-31,1.6723,162.12,0.011038353601496853,-0.017334586907979843,-0.6367820392890604
2009-04-30,1.5929,162.15,1.8504811250918962e-4,-0.04747951922501936,-0.003897430208427182
2009-05-31,1.544,163.19,0.0064138143694110195,-0.030698725594827003,-0.20892770775122346
2009-06-30,1.5364,163.37,0.0011030087627919016,-0.004922279792746176,-0.22408493812508878
2009-07-31,1.4789,163.78,0.0025096406929057125,-0.03742514970059874,-0.06705759931444076
2009-08-31,1.4971,163.29,-0.002991818292831905,0.012306443978632675,-0.2431098941356669
2009-09-30,1.4865,163.93,0.00391940718966266,-0.007080355353683898,-0.5535608022305545
2009-10-31,1.4994,167.88,0.024095650582565575,0.008678102926337194,2.7766034566653537
2009-11-30,1.5295,170.01,0.012687634024302952,0.02007469654528471,0.6320212111641167
2009-12-31,1.4989,170.91,0.0052938062466914015,-0.020006538084341385,-0.2646038122324987
2010-01-31,1.4901,174.07,0.018489263354982244,-0.0058709720461671555,-3.1492678230435276
2010-02-28,1.5418,176.59,0.014476934566553634,0.03469565800952967,0.417254936124207
2010-03-31,1.5213,177.62,0.005832719859561797,-0.013296147360228328,-0.4386774380230421
2010-04-30,1.485,178.68,0.005967796419322102,-0.02386117136659438,-0.250104922664317
2010-05-31,1.5671,178.04,-0.003581822252070821,0.05528619528619516,-0.06478691893209722
2010-06-30,1.584,177.04,-0.0056167153448662965,0.01078425116457149,-0.5208257169786972
2010-07-31,1.5064,176.19,-0.004801174875734282,-0.04898989898989903,0.09800336344282341
2010-08-31,1.5239,176.9,0.004029740620920652,0.011617100371747346,0.34688007264884574
2010-09-30,1.4457,179.07,0.01226681741096658,-0.05131570313012668,-0.23904607484107365
2010-10-31,1.432,182.35,0.018316859328754154,-0.009476378225081294,-1.932896608144513
2010-11-30,1.5085,182.4,2.7419797093508613e-4,0.053421787709497126,0.005132699272928679
2010-12-31,1.5395,181.85,-0.003015350877193068,0.020550215445807263,-0.1467308644595389
2011-01-31,1.6029,182.6,0.004124278251306013,0.041182202013640756,0.10014710359441029
2011-02-28,1.601,183.93,0.007283680175246499,-0.0011853515503150724,-6.144742606790753
2011-03-31,1.544,184.7,0.004186375251454155,-0.03560274828232346,-0.117585732939967
2011-04-30,1.5205,186.3,0.008662696264212455,-0.015220207253886064,-0.5691575758274036
2011-05-31,1.5975,190.81,0.024208266237251586,0.050641236435382986,0.4780346599187158
2011-06-30,1.623,188.08,-0.01430742623552217,0.015962441314554043,-0.8963181729900623
2011-07-31,1.677,187.31,-0.004094002552105569,0.03327171903881698,-0.12304752114939524
2011-08-31,1.718,188.67,0.007260690833377659,0.02444841979725698,0.2969799640871792
2011-09-30,1.8585,190.09,0.007526368792070803,0.08178114086146682,0.09203061626176257
2011-10-31,1.763,196.31,0.03272134252196324,-0.05138552596179724,-0.6367813097075242
2011-11-30,1.8215,199.7,0.01726860577657785,0.03318207600680667,0.5204196920360113
2011-12-31,1.8879,200.85,0.005758637956935431,0.036453472412846466,0.157972274677077
2012-01-31,1.7693,201.98,0.005626089121234745,-0.06282112400021178,-0.0895572820571593
2012-02-29,1.7459,203.12,0.005644123180513105,-0.013225569434239581,-0.42675842492657257
2012-03-31,1.782,203.96,0.004135486411973144,0.02067701472020156,0.2000040367496934
2012-04-30,1.7595,207.05,0.015150029417532851,-0.012626262626262652,-1.1998823298685994
2012-05-31,1.8655,206.61,-0.0021250905578362733,0.06024438761011641,-0.03527449845766914
2012-06-30,1.8073,204.76,-0.008954068050917252,-0.03119807022246046,0.287007112525535
2012-07-31,1.7915,204.29,-0.002295370189490109,-0.008742322801969737,0.2625583888269303
2012-08-31,1.8183,205.43,0.005580302511136281,0.014959531119173919,0.37302656525002315
2012-09-30,1.796,207.55,0.010319816969283968,-0.012264202826816284,-0.841458439248834
2012-10-31,1.795,211.62,0.01960973259455545,-5.567928730513261e-4,-35.21907973981519
2012-11-30,1.785,212.42,0.003780361024477763,-0.005571030640668551,-0.6785748038937551
2012-12-31,1.7868,213.23,0.0038132002636286355,0.0010084033613444454,3.78142359476541
2013-01-31,1.7588,216.74,0.016461098344510816,-0.015670472352809495,-1.0504532329275686
2013-02-28,1.7985,217.39,0.002998984958936912,0.022572208323857312,0.13286183238736043
2013-03-31,1.809,218.83,0.00662403974423853,0.005838198498749003,1.134603379048848
2013-04-30,1.7934,219.75,0.004204176758214162,-0.008623548922056301,-0.48752280484676236
2013-05-31,1.879,220.07,0.0014562002275313457,0.04773056763689065,0.030508755701573884
2013-06-30,1.931,221.75,0.007633934657154562,0.02767429483767958,0.27584929270756614
2013-07-31,1.9426,222.44,0.003111612175873635,0.006007250129466568,0.5179761303113809
2013-08-31,2.0377,222.21,-0.0010339866930407782,0.048955008751158324,-0.021121162459526943
2013-09-30,2.0238,223.91,0.007650420773142486,-0.006821416302694172,-1.1215296697433481
2013-10-31,1.9925,227.94,0.01799830288955384,-0.015465955133906584,-1.1637369133507633
2013-11-30,2.02,227.96,8.774238834785564e-5,0.013801756587201952,0.006357334864840111
2013-12-31,2.1382,229.01,0.004606071240568443,0.058514851485148345,0.07871627670007007
2014-01-31,2.261,233.54,0.019780795598445478,0.05743148442615298,0.34442424388107507
2014-02-28,2.206,234.54,0.004281921726470905,-0.02432551968155694,-0.17602590951910319
2014-03-31,2.1387,237.18,0.011256075722691383,-0.030507706255666345,-0.3689584404793047
2014-04-30,2.1188,240.37,0.01344970064929596,-0.009304717819236141,-1.4454710944044615
2014-05-31,2.0948,241.32,0.003952240296209997,-0.011327166320558635,-0.3489169474837445
2014-06-30,2.1217,242.07,0.003107906514172143,0.012841321367194958,0.2420238872077251
2014-07-31,2.1465,243.17,0.004544140124757234,0.011688740161191369,0.3887621815603843
2014-08-31,2.1585,243.4,9.458403585969055e-4,0.005590496156533842,0.169187194144023
2014-09-30,2.281,243.74,0.0013968775677897227,0.056752374334028355,0.024613552898564175
2014-10-31,2.2185,248.37,0.018995651103635103,-0.027400263042525186,-0.6932652826782673
2014-11-30,2.218,248.82,0.0018118130208961691,-2.2537750732487538e-4,-8.039014373712508
2014-12-31,2.327,247.72,-0.004420866489831976,0.04914337240757449,-0.08995854930685598
2015-01-31,2.44,250.45,0.011020507024059434,0.04856037816931669,0.22694442340695856
2015-02-28,2.5164,252.24,0.007147135156718054,0.03131147540983603,0.22825929034544595
2015-03-31,2.5978,255.23,0.01185379004123055,0.03234779844221891,0.3664481235841852
2015-04-30,2.6755,259.39,0.016299024409356155,0.02990992378166135,0.5449370091457593
2015-05-31,2.6601,260.85,0.005628590153822666,-0.005755933470379393,-0.9778761660099011
2015-06-30,2.682,259.51,-0.005137051945562687,0.008232773204014832,-0.6239758849493788
2015-07-31,2.7629,259.74,8.86285692266231e-4,0.030164056674123918,0.029382178327046
2015-08-31,2.9142,260.78,0.004004004004003914,0.054761301531000006,0.07311740028197238
2015-09-30,3.0286,263.11,0.008934734258762234,0.03925605655068276,0.22760142112661685
2015-10-31,2.9108,267.2,0.01554482915890687,-0.038895859473023764,-0.3996525432144774
2015-11-30,2.9065,268.98,0.0066616766467066935,-0.0014772571114470834,-4.509490321682111
2015-12-31,2.9211,269.54,0.0020819391776341067,0.00502322380870468,0.41446275478037453
2016-01-31,2.9597,274.44,0.018179119982191905,0.013214200130088116,1.375726097926949
2016-02-29,2.9555,274.38,-2.1862702229991093e-4,-0.0014190627428457558,0.15406438045260867
2016-03-31,2.816,274.27,-4.0090385596625033e-4,-0.04720013534088985,0.008493701407227622
2016-04-30,2.7952,276.42,0.0078389907755132,-0.00738636363636358,-1.0612787511464106
2016-05-31,2.9521,278.02,0.0057882931770492085,0.056131940469376085,0.10311942057672367
2016-06-30,2.8772,279.33,0.00471189123084681,-0.02537176924900919,-0.18571393995437732
2016-07-31,2.9895,282.58,0.011634983711022784,0.03903100236340884,0.2980959495401138
2016-08-31,2.9592,281.76,-0.0029018331092079963,-0.0101354741595584,0.2863046231015628
2016-09-30,2.9998,282.27,0.00181005110732535,0.013719924303865927,0.13192865115263963
2016-10-31,3.0954,286.33,0.014383391788004296,0.03186879125275022,0.45133157620978287
2016-11-30,3.428,287.81,0.005168861104320355,0.10744976416618202,0.048104908786269496
2016-12-31,3.5288,292.54,0.016434453285153472,0.029404900816802693,0.5589018438641499
